country,year,pct_female_stem,pct_female_in_NSMS,pct_female_in_ICT,pct_female_in_ECM,country_name
ABW,2000,8.166657136923703,0.0,0.0,100.0,Aruba
ABW,2001,6.056936425316311,0.0,0.0,100.0,Aruba
ABW,2002,14.398252867263938,0.0,0.0,100.0,Aruba
ABW,2003,3.9421771752528314,0.0,0.0,100.0,Aruba
ABW,2004,7.210623425400151,0.0,0.0,100.0,Aruba
ABW,2005,6.881486902822176,0.0,0.0,100.0,Aruba
ABW,2006,0.0,,,,Aruba
ABW,2007,13.235295602607234,0.0,0.0,100.0,Aruba
ABW,2008,10.060982871257185,0.0,0.0,100.0,Aruba
ABW,2009,7.820123635881238,0.0,0.0,100.0,Aruba
ABW,2010,3.856188830414588,0.0,0.0,100.0,Aruba
ABW,2011,9.752556036571736,0.0,0.0,100.0,Aruba
ABW,2012,11.568401744702298,0.0,0.0,100.0,Aruba
ABW,2016,22.77224473236678,100.0,0.0,0.0,Aruba
AFG,2020,27.95616177629665,24.685177764012664,48.36272937725509,26.95209285873225,Afghanistan
AGO,2002,49.92470264703157,46.15385030148256,7.69229939703489,46.15385030148256,Angola
AGO,2015,41.52331135384995,38.831633746795866,39.003433407507664,22.164932845696462,Angola
ALB,2000,19.157407813370124,32.407379779780314,9.259335217009731,58.33328500320996,Albania
ALB,2003,23.19781540412918,26.95037125245166,26.95037125245166,46.09925749509668,Albania
ALB,2011,34.87332675169632,48.13358308169495,15.455150433118131,36.411266485186914,Albania
ALB,2015,38.434484224343976,40.40904452673719,25.968395252083816,33.622560221178986,Albania
ALB,2016,34.818053662849735,37.74348081925837,24.51303836148325,37.74348081925837,Albania
ALB,2017,34.77712993391515,35.85977232870305,29.68847119954009,34.45175647175685,Albania
ALB,2018,33.615334254715805,31.23485290158441,30.690053136043204,38.07509396237238,Albania
ALB,2019,31.95087023880972,34.31372226959476,26.94494457413646,38.74133315626878,Albania
ALB,2020,30.02866628719097,31.562895588426283,24.72937991971145,43.70772449186227,Albania
ALB,2021,27.869774484717485,28.37367550073892,27.02809960001688,44.59822489924421,Albania
ALB,2022,29.205200722141665,27.45576504663763,27.247461622589583,45.29677333077278,Albania
ALB,2023,29.84952363361446,23.54205711989783,29.409656887351872,47.0482859927503,Albania
AND,2002,16.16766452293474,0.0,100.0,0.0,Andorra
AND,2003,24.516127172384664,0.0,100.0,0.0,Andorra
AND,2004,12.234043467956823,0.0,100.0,0.0,Andorra
AND,2005,14.798205771742824,0.0,100.0,0.0,Andorra
AND,2006,0.0,,,,Andorra
AND,2008,10.891089767068678,0.0,100.0,0.0,Andorra
AND,2012,13.10343762050532,0.0,100.0,0.0,Andorra
AND,2015,0.0,,,,Andorra
AND,2016,12.068945237796092,0.0,100.0,0.0,Andorra
AND,2017,65.07938507303177,0.0,100.0,0.0,Andorra
AND,2018,0.0,,,,Andorra
AND,2019,12.109373962448531,0.0,100.0,0.0,Andorra
AND,2020,12.755106975700814,0.0,100.0,0.0,Andorra
AND,2021,34.71807914042655,66.66666666666666,33.33333333333333,0.0,Andorra
AND,2022,28.331467352567877,0.0,18.181818181818183,81.81818181818183,Andorra
AND,2023,14.712148115296452,0.0,100.0,0.0,Andorra
ARE,2018,38.45484431505541,10.96596590504504,28.871277484973533,60.16275660998143,United Arab Emirates
ARE,2019,39.1261953423815,11.210780496895405,28.946199616223865,59.84301988688073,United Arab Emirates
ARE,2020,45.85044095021853,9.54101564393116,19.76449571415587,70.69448864191297,United Arab Emirates
ARE,2021,41.69131022509905,11.221651446623769,26.218003307922565,62.56034524545366,United Arab Emirates
ARE,2022,43.19012626549911,11.19926842479386,27.14651243694448,61.65421913826166,United Arab Emirates
ARE,2023,44.23246467912427,11.055287031740942,22.574409871810136,66.37030309644892,United Arab Emirates
ARG,2006,31.265600402354558,33.95471535586666,33.62109836313265,32.42418628100068,Argentina
ARG,2007,31.41539579845661,35.21237238903531,28.21301051682436,36.57461709414033,Argentina
ARG,2008,28.49619433446753,40.35129364876785,24.7273003438295,34.92140600740265,Argentina
ARG,2009,30.46250053590878,38.8075775371848,21.47171504736496,39.72070741545025,Argentina
ARG,2010,29.461769143340565,40.92413552792338,19.6461622668651,39.42970220521153,Argentina
ARG,2018,31.968128878161867,52.32321562928337,9.327727264178693,38.34905710653793,Argentina
ARG,2020,31.649850602968087,56.942783227901394,8.019094125743862,35.03812264635475,Argentina
ARG,2021,31.14318428346347,54.134659773954006,7.887659157364969,37.97768106868102,Argentina
ARG,2022,30.873527497602065,51.64599753162259,7.515042405021475,40.83896006335594,Argentina
ARM,2010,27.778149129217343,50.78346066180875,8.064469748716965,41.15206958947428,Armenia
ARM,2015,32.85083869149644,73.38669142997217,8.954495976107435,17.65881259392039,Armenia
ARM,2016,30.431862291314783,72.29018324047874,9.877669510320567,17.832147249200684,Armenia
ARM,2017,26.43259494617516,63.78894851001496,20.26381436248129,15.947237127503744,Armenia
ARM,2018,31.10732394544173,58.71612130513639,16.15936648124697,25.12451221361663,Armenia
ARM,2019,31.354902594453616,58.32903641228485,22.210680595480863,19.460282992234287,Armenia
ARM,2020,25.54203487076724,41.50125260716007,32.8163801443202,25.68236724851973,Armenia
ARM,2021,25.69008546554976,39.13308716840511,34.06589731938819,26.801015512206693,Armenia
ARM,2022,26.654070793182967,34.64132119681308,40.15941204069873,25.199266762488183,Armenia
ARM,2023,25.320560889669107,29.37061642051479,43.91605758677533,26.713325992709876,Armenia
ASM,2007,11.046523680116389,0.0,0.0,100.0,American Samoa
ATG,2009,13.461536661760354,0.0,100.0,0.0,Antigua & Barbuda
ATG,2010,36.70347732484346,0.0,100.0,0.0,Antigua & Barbuda
ATG,2011,30.88235655018317,8.333333255516175,91.66666674448382,0.0,Antigua & Barbuda
ATG,2012,6.498945526898922,0.0,100.0,0.0,Antigua & Barbuda
AUS,2000,28.48698233744748,50.138020756279424,19.042269920320518,30.81970932340007,Australia
AUS,2002,27.26848806962696,34.918770038329654,32.940841075876925,32.14038888579342,Australia
AUS,2003,27.22070454858298,36.411885431103805,32.427420833655255,31.16069373524093,Australia
AUS,2005,27.11645570857292,38.186015194313214,27.881903028331795,33.932081777354995,Australia
AUS,2006,26.124439379022927,42.42552451059909,21.86717573524929,35.70729975415162,Australia
AUS,2007,26.756914959042305,43.3282824941,20.35688480116456,36.31483270473544,Australia
AUS,2008,26.172196326881046,44.15129850161525,16.512987064285337,39.33571443409942,Australia
AUS,2009,25.631306572707324,43.578880330913066,15.591375325915957,40.82974434317098,Australia
AUS,2011,24.406586042651355,43.69409139672972,15.266193522597735,41.039715080672536,Australia
AUS,2013,24.53544520169128,44.04385806400546,13.37796005859869,42.57818187739584,Australia
AUS,2014,24.543314061199247,43.359032821522966,12.917034578150552,43.723932600326485,Australia
AUS,2015,25.29254558816461,55.49753718973087,12.91352986678037,31.58893294348876,Australia
AUS,2017,25.66735407498875,52.293092672128736,15.182934897184332,32.52397243068694,Australia
AUS,2018,25.371102741585595,46.18839752089685,19.31386946317364,34.4977330159295,Australia
AUS,2019,24.959100801998577,41.75839205985096,24.25119420285015,33.9904137372989,Australia
AUS,2020,26.10839562583295,36.59225489417456,30.45440634757216,32.95333875825328,Australia
AUS,2021,26.61177398867864,37.395859767435,30.492785536102225,32.11135469646278,Australia
AUS,2022,25.74057436856487,40.1066877496172,26.41640553732221,33.4769067130606,Australia
AUT,2013,21.37137811172802,33.53338210646223,7.58732272311973,58.87929517041805,Austria
AUT,2014,22.11019128162206,31.440717708832054,7.764446703276287,60.79483558789166,Austria
AUT,2015,21.46147552726391,36.45416198469454,7.407736740999036,56.13810127430643,Austria
AUT,2016,22.290443984240643,36.366932535621885,7.380819077892689,56.25224838648543,Austria
AUT,2018,23.31107967006841,35.05898540758901,8.221350132732013,56.719664459678974,Austria
AUT,2019,23.622074588406598,34.68152140370601,8.526752199640537,56.791726396653466,Austria
AUT,2020,22.907636872384884,33.47073462317419,8.489827388209752,58.03943798861606,Austria
AUT,2021,23.853783284540143,33.594346545127536,9.75906479875052,56.64658865612196,Austria
AUT,2022,24.00964130405012,34.72900071931902,10.31835772064349,54.9526415600375,Austria
AZE,2008,37.173530130028105,68.2676901747936,8.256873173297317,23.47543665190908,Azerbaijan
AZE,2009,36.52543152096492,71.36709863086251,7.864845211994622,20.76805615714288,Azerbaijan
AZE,2010,39.06891242514515,68.83327791523885,6.853406477967237,24.313315606793903,Azerbaijan
AZE,2011,40.55254211948363,69.3853279156018,6.67850034470663,23.93617173969156,Azerbaijan
AZE,2012,40.11015453966556,68.8915962348555,6.797325962461535,24.31107780268296,Azerbaijan
AZE,2015,29.18583522054949,34.52290280363856,18.903515552313586,46.57358164404787,Azerbaijan
AZE,2016,30.071023215130342,32.16171783408118,22.49021256792616,45.34806959799266,Azerbaijan
AZE,2017,32.75686661839015,34.72544823434148,22.563815200990646,42.71073656466788,Azerbaijan
AZE,2018,29.26726904890166,30.094033260203567,15.315744090908934,54.5902226488875,Azerbaijan
AZE,2019,31.409186800148422,29.560145474760613,17.507556481793902,52.93229804344549,Azerbaijan
AZE,2020,31.71526850366218,21.593880655160792,29.017475348783467,49.38864399605574,Azerbaijan
AZE,2021,32.86941081087388,24.443162772915286,26.08036332920892,49.47647389787579,Azerbaijan
AZE,2022,30.878309052054405,23.031554174487766,25.00459161795129,51.963854207560935,Azerbaijan
AZE,2023,31.43835971286233,23.432614685415743,19.86489089380441,56.70249442077985,Azerbaijan
BDI,2001,0.0,,,,Burundi
BDI,2004,24.343797817805097,54.54550972361489,0.0,45.45449027638512,Burundi
BDI,2010,63.347918903618016,37.03702937964539,29.629636355716887,33.33333426463772,Burundi
BDI,2016,35.39623573498604,43.73671779205536,45.22292839908094,11.040353808863696,Burundi
BDI,2017,29.39202354830413,42.603596377286586,36.39050617166415,21.005897451049268,Burundi
BDI,2018,37.90052145875547,73.47328343488864,26.52671656511136,0.0,Burundi
BEL,2000,21.174285550706717,38.34918818442884,6.644819360534336,55.00599245503681,Belgium
BEL,2001,20.084793958687467,44.25234196759282,10.130430935567516,45.617227096839656,Belgium
BEL,2002,20.479337915604493,44.067308072659,9.060310991820648,46.87238093552036,Belgium
BEL,2006,20.422770820022464,45.97761385910413,7.005817410281899,47.016568730613976,Belgium
BEL,2008,20.00703515575345,33.626341401721454,4.322383375947022,62.051275222331526,Belgium
BEL,2009,20.646555587481487,37.69744129746272,2.4719742495950223,59.83058445294227,Belgium
BEL,2010,18.18323272733872,34.882509320526,4.079153513044025,61.03833716642999,Belgium
BEL,2011,18.70055004427381,36.78687544576243,3.651238029077851,59.561886525159714,Belgium
BEL,2012,18.11757635184405,35.77960102219989,3.658226652766571,60.562172325033536,Belgium
BEL,2013,18.56541181034877,33.13136694463221,2.769994940851357,64.09863811451643,Belgium
BEL,2014,19.370251872607447,34.6542157716226,2.7243149338294903,62.62146929454791,Belgium
BEL,2015,19.60859738191413,41.86001545292147,1.919962363695184,56.22002218338334,Belgium
BEL,2016,20.411888998172216,37.35675416448169,1.8624932660719065,60.780752569446406,Belgium
BEL,2017,19.028591689390577,35.007023623434044,4.24090163225284,60.75207474431311,Belgium
BEL,2018,18.94723526538628,35.31383077961674,5.704737935323391,58.98143128505987,Belgium
BEL,2019,19.77209964719134,35.512046789708755,5.662150126840275,58.82580308345096,Belgium
BEL,2020,19.87836757706065,35.066504833592965,6.478025950321039,58.45546921608601,Belgium
BEL,2021,20.379151226998232,34.63533199035439,6.993240106410672,58.37142790323494,Belgium
BEL,2022,20.32066119335397,35.08909672330748,7.8220842365652175,57.088819040127305,Belgium
BEN,2011,36.983370309309045,18.22324858454313,18.22324858454313,63.55350283091374,Benin
BEN,2014,31.6492349850408,21.656087046441712,47.77064322154306,30.573269732015238,Benin
BEN,2015,45.22016629559418,44.41159282462441,26.02010989988986,29.568297275485723,Benin
BEN,2018,30.68621415529702,59.85478153423318,23.962659328235542,16.18255913753128,Benin
BEN,2019,38.430654248282906,73.02519694680014,10.924379662792358,16.050423390407513,Benin
BEN,2020,38.747755385489945,57.24693056708553,17.651841859070327,25.10122757384414,Benin
BEN,2021,40.10032869618917,69.80292272319507,12.396672792740375,17.800404484064554,Benin
BEN,2022,40.107472420588046,69.82323611288412,12.373745860397005,17.803018026718885,Benin
BFA,2011,32.912661760993366,64.43597948847139,4.78010511353961,30.783915397989,Burkina Faso
BFA,2012,34.34351942500671,63.73393183455479,3.648052648381405,32.6180155170638,Burkina Faso
BFA,2014,34.5938615361376,67.01243380629687,0.0,32.98756619370313,Burkina Faso
BFA,2015,20.54125758453388,31.833883020766496,4.4983509377005095,63.66776604153299,Burkina Faso
BFA,2016,26.74228572176623,33.77663109971903,3.1914894152095634,63.03187948507139,Burkina Faso
BFA,2017,26.11068387303949,25.24509972373722,0.0,74.75490027626279,Burkina Faso
BFA,2018,27.835367695096757,31.82895053414253,0.0,68.17104946585746,Burkina Faso
BFA,2019,26.85993626889583,20.41881242989079,0.1744968267387012,79.40669074337052,Burkina Faso
BFA,2020,32.80623907117903,32.60867378101429,1.6722720571262826,65.71905416185942,Burkina Faso
BFA,2021,32.577834262854275,42.648984797871776,0.3973769476317708,56.95363825449645,Burkina Faso
BFA,2022,28.0090260038372,47.47043338190148,4.09040657993517,48.43916003816335,Burkina Faso
BGD,2016,38.42869010191217,46.35523692050932,22.932189261419477,30.7125738180712,Bangladesh
BGD,2017,38.42869010191217,46.35523692050932,22.932189261419477,30.7125738180712,Bangladesh
BGD,2019,39.56859295066109,50.71438163351424,22.10977495494662,27.175843411539148,Bangladesh
BGD,2020,39.56780476249645,50.72009517425676,22.11092741827113,27.168977407472116,Bangladesh
BGR,2000,33.02792848199808,18.10069938533471,11.083523108015385,70.81577750664991,Bulgaria
BGR,2001,30.22504718944082,18.37678550484544,9.042173731967708,72.58104076318685,Bulgaria
BGR,2002,33.3488886329636,21.189131400894272,7.727570047919702,71.08329855118602,Bulgaria
BGR,2003,34.946699361632874,17.288196147967145,10.151908142527256,72.5598957095056,Bulgaria
BGR,2004,34.91286658049215,17.468333423206303,11.553536042567764,70.97813053422594,Bulgaria
BGR,2005,33.86241137142283,18.77768995226213,10.846728265680134,70.37558178205774,Bulgaria
BGR,2007,32.98959960309168,20.126509514467347,12.72261052894252,67.15087995659013,Bulgaria
BGR,2008,28.54445815922669,15.338961654311415,11.801094305612638,72.85994404007594,Bulgaria
BGR,2009,29.38298171878276,16.29148996013811,11.544463975256509,72.16404606460539,Bulgaria
BGR,2010,30.58099776468677,18.75983818059652,11.20487225734533,70.03528956205815,Bulgaria
BGR,2011,30.35165940207033,17.75789162987485,11.6672823899734,70.57482598015173,Bulgaria
BGR,2012,30.649819882635487,16.986762351577756,12.75402843396391,70.25920921445834,Bulgaria
BGR,2013,30.022399473611287,17.658582392730125,13.970066412270782,68.3713511949991,Bulgaria
BGR,2014,29.716314775276288,17.72321511109843,12.814071889948886,69.46271299895268,Bulgaria
BGR,2015,28.445466048743427,31.72425793082721,15.626909329418767,52.64883273975403,Bulgaria
BGR,2016,28.196970632328554,30.750618764084138,15.276215379364388,53.97316585655148,Bulgaria
BGR,2017,27.44327798323351,29.81398851375629,19.16278760091789,51.02322388532582,Bulgaria
BGR,2018,27.824650402309075,30.085280025513526,18.480217851354244,51.43450212313223,Bulgaria
BGR,2019,26.64919743146052,30.002811380862017,19.817313365991115,50.17987525314687,Bulgaria
BGR,2020,26.95970550952211,27.989055892530907,23.212647522695875,48.79829658477321,Bulgaria
BGR,2021,26.73479616763973,28.914652686073527,24.194453413787688,46.89089390013879,Bulgaria
BHR,2003,30.450114816167588,31.512607211075306,36.97478557784939,31.512607211075306,Bahrain
BHR,2005,35.52314727829306,39.29617328305164,34.01762853036272,26.68619818658565,Bahrain
BHR,2006,28.691343475091223,50.21096599964183,17.721527476517494,32.06750652384068,Bahrain
BHR,2015,32.133221351578875,18.421073197643345,38.59649986073918,42.98242694161748,Bahrain
BHR,2016,34.082119966847706,17.821795917972178,36.83165828263316,45.34654579939467,Bahrain
BHR,2017,31.26723016969809,19.01408068700089,45.0704528480901,35.91546646490902,Bahrain
BHR,2018,28.64589241650148,20.558348005905515,35.53302457633247,43.90862741776202,Bahrain
BHR,2019,28.137252168360703,20.19462366552497,30.413675604029574,49.39170073044544,Bahrain
BHR,2020,33.44670506923819,26.66664865130645,28.23529603012326,45.09805531857028,Bahrain
BHR,2021,29.848535054550094,24.55093386576231,18.762439806669544,56.686626327568135,Bahrain
BHR,2022,31.71554465691574,27.04004171892341,22.079966369439287,50.879991911637305,Bahrain
BHR,2023,33.46218997337909,21.87086660434801,25.691679370661912,52.43745402499008,Bahrain
BIH,2015,33.4271935107758,34.40859551105228,11.626353372578734,53.965051116368976,Bosnia & Herzegovina
BIH,2016,35.516086359299656,49.01161279460376,3.0232755035712757,47.965111701824966,Bosnia & Herzegovina
BIH,2017,34.3330710437778,35.17200963865933,11.38789801068452,53.44009235065615,Bosnia & Herzegovina
BIH,2018,36.17718794762441,36.20294893163757,12.257715996917188,51.53933507144524,Bosnia & Herzegovina
BIH,2019,35.1153320181835,33.56830736611462,15.61823419279059,50.8134584410948,Bosnia & Herzegovina
BIH,2020,37.33677543218454,35.375193084712045,12.965811693775434,51.65899522151251,Bosnia & Herzegovina
BIH,2021,35.86497375810006,28.5171270642177,15.31776323505566,56.165109700726646,Bosnia & Herzegovina
BIH,2022,35.14427875098031,27.461725620610643,17.231930741960838,55.306343637428526,Bosnia & Herzegovina
BIH,2023,34.1537345206134,29.66564930590529,18.78419296914895,51.55015772494577,Bosnia & Herzegovina
BLR,2015,20.87827690576933,19.005243529501023,11.762606641449342,69.23214982904963,Belarus
BLR,2016,21.274105634710665,18.9080765089052,10.234656877658868,70.85726661343593,Belarus
BLR,2017,21.059647318922178,19.443118233805052,12.149526915170734,68.40735485102421,Belarus
BLR,2018,22.149295823103664,24.700676416332985,14.86205997728556,60.43726360638145,Belarus
BLR,2019,22.00789181312533,24.322116133999245,13.77987366179936,61.89801020420139,Belarus
BLR,2020,20.994194636171127,23.007253850924894,15.084524594589194,61.90822155448592,Belarus
BLR,2021,21.082736917394737,21.86986565453608,15.489571136363226,62.6405632091007,Belarus
BLR,2022,21.22554347977092,17.190665666634565,18.497328075931552,64.31200625743388,Belarus
BLR,2023,22.4466835734556,20.51310216824752,15.098134464607918,64.38876336714458,Belarus
BLZ,2015,28.55714744442377,87.5000102336071,10.93749110915657,1.5624986572363364,Belize
BLZ,2020,35.1160611712484,81.50000059577212,12.499984370176133,6.00001503405176,Belize
BLZ,2021,29.01845746049321,80.89168297554882,11.464990312012231,7.643326712438952,Belize
BLZ,2022,31.12873368120569,78.50878310536226,15.350869108350835,6.140347786286905,Belize
BLZ,2023,29.55300322354107,82.20339978069106,13.13558770618588,4.661012513123061,Belize
BMU,2001,9.913798659004028,50.0,25.0,25.0,Bermuda
BMU,2005,14.028057636172624,28.5713966914626,14.285698345731296,57.14290496280611,Bermuda
BMU,2007,12.109366195752306,28.57142882687731,71.42857117312269,0.0,Bermuda
BMU,2009,11.44901829675404,37.49995316193522,62.50004683806477,0.0,Bermuda
BMU,2010,18.823522708458025,75.0,25.0,0.0,Bermuda
BMU,2011,20.09925863163837,77.77778590166908,22.222214098330927,0.0,Bermuda
BMU,2012,16.46587311025593,33.333332061768594,44.44444529215426,22.22222264607713,Bermuda
BMU,2015,13.325605146184696,59.99994487761452,40.00005512238548,0.0,Bermuda
BMU,2017,17.10145236117132,83.33335528770363,16.666644712296367,0.0,Bermuda
BMU,2018,21.776350013408933,54.545461244819805,27.272698197482047,18.181840557698152,Bermuda
BMU,2023,9.2337833359989,50.0,50.0,0.0,Bermuda
BRA,2001,27.58369174886713,38.25313636348262,24.841433222518354,36.90543041399902,Brazil
BRA,2002,26.69047348248169,41.76570594458439,21.984765028578614,36.24952902683699,Brazil
BRA,2003,26.64835663057351,44.169989983619885,20.382310033081986,35.44769998329812,Brazil
BRA,2004,25.81056044243504,45.895072863289926,20.40373561535764,33.70119152135244,Brazil
BRA,2005,25.21577595345539,46.02445425231533,20.823008962081783,33.15253678560288,Brazil
BRA,2007,24.82095412767442,41.883091478477816,18.17996975041326,39.93693877110893,Brazil
BRA,2008,25.17169183554376,43.37032240814132,16.799199454278508,39.830478137580165,Brazil
BRA,2009,23.42938779440135,38.015786767089374,17.888302382044948,44.09591085086567,Brazil
BRA,2010,22.371594044537687,26.31500258725493,18.649590010828145,55.03540740191693,Brazil
BRA,2011,23.02702791272769,28.439562362491586,15.077626919186466,56.48281071832194,Brazil
BRA,2012,23.53249980879881,27.64540481741401,13.870966943729409,58.483628238856575,Brazil
BRA,2014,25.80128798926264,27.890038267995383,9.181799411437543,62.92816232056707,Brazil
BRA,2015,25.0718037244124,29.82196640881694,9.05318358656914,61.124850004613926,Brazil
BRA,2016,25.757271303739955,26.82476428209223,7.832330308009047,65.34290540989872,Brazil
BRA,2017,27.23670512972081,25.92073874633988,6.579938202034806,67.49932305162531,Brazil
BRA,2018,26.28334572258793,16.064879199869235,7.249703468264627,76.68541733186613,Brazil
BRA,2019,26.528512943171595,18.236228244725595,7.345420634578064,74.41835112069633,Brazil
BRA,2020,25.52655559417797,14.488206597725592,9.353249414080624,76.15854398819378,Brazil
BRA,2022,23.375742800494,17.751374688365374,13.754568748446836,68.49405656318778,Brazil
BRN,2000,35.39661210619629,12.698409158805733,42.857159469408685,44.44443137178558,Brunei
BRN,2001,26.524181096495035,8.928631536045314,37.499968704373096,53.57139975958158,Brunei
BRN,2003,34.72888892838855,14.516074948595376,38.709692462288665,46.77423258911597,Brunei
BRN,2004,29.50120528710301,23.88060697975129,23.88060697975129,52.23878604049741,Brunei
BRN,2005,29.64658124048356,17.500010948063466,36.25000154925426,46.24998750268227,Brunei
BRN,2006,45.369348511561874,12.499999466351964,34.374999599763974,53.12500093388407,Brunei
BRN,2007,24.959672080516786,16.666646720097663,32.222223551993494,51.11112972790885,Brunei
BRN,2008,32.72079382200408,8.771932801418565,45.61403359929072,45.61403359929072,Brunei
BRN,2009,32.668686526324706,12.499988729252554,42.187486491677696,45.31252477906975,Brunei
BRN,2010,30.17354507322743,19.60782412536374,48.36600326822448,32.026172606411784,Brunei
BRN,2011,36.28749697566733,57.368427752301145,3.684183385543113,38.94738886215575,Brunei
BRN,2012,34.19825985137594,28.00000303562593,29.14287480468076,42.85712215969331,Brunei
BRN,2015,35.794634974588035,27.71083180237131,46.98795166137441,25.301216536254277,Brunei
BRN,2018,40.98682475274309,36.241617052250206,26.577175667665134,37.18120728008466,Brunei
BRN,2019,40.04237584011665,28.105599453265047,29.813648358324407,42.08075218841056,Brunei
BRN,2020,42.48509733365597,31.67495889018145,38.14261124303655,30.182429866781995,Brunei
BRN,2023,38.08613739678544,23.913030977667496,43.47826366381551,32.60870535851701,Brunei
BWA,2020,29.56118789713389,18.925529710174175,32.35652711399161,48.71794317583421,Botswana
BWA,2021,26.059348888945323,27.57623837600108,25.10882298608108,47.31493863791785,Botswana
BWA,2022,29.646648446844743,11.258252310711487,47.3982952306574,41.34345245863112,Botswana
BWA,2023,26.23410614017909,39.35308233119968,7.681959637068641,52.96495803173168,Botswana
CAN,2013,25.7088148372065,62.02067087726968,5.962261928566212,32.01706719416411,Canada
CAN,2014,25.130417586547864,55.19050391016116,12.506788696078791,32.302707393760045,Canada
CAN,2015,25.18113727347528,55.010746613910136,12.596582055207294,32.39267133088257,Canada
CAN,2016,25.262712875474055,51.95196410549996,13.016897937154845,35.0311379573452,Canada
CAN,2018,24.877206782525583,49.48920607924585,14.035071479548597,36.47572244120557,Canada
CAN,2019,27.41824896288328,54.86841462663384,12.138431842390611,32.99315353097556,Canada
CAN,2020,27.65287329860191,51.72174788580042,15.635045804981498,32.64320630921808,Canada
CAN,2021,28.28118541806393,51.32491214509457,15.707388225691604,32.96769962921383,Canada
CAN,2022,28.84719308873497,51.153748447281664,17.388758147543903,31.457493405174432,Canada
CHE,2000,20.001189863715545,34.21309073126136,28.11902586750392,37.667883401234725,Switzerland
CHE,2001,20.545174464404,34.567301730913016,24.90387864433233,40.52881962475464,Switzerland
CHE,2002,20.157286043987877,32.92843478241357,24.291527490943142,42.78003772664329,Switzerland
CHE,2003,19.614713294964325,35.1052569482748,21.063229036723094,43.831514015002114,Switzerland
CHE,2004,20.485456263711573,39.27638577181097,17.52394378539677,43.19967044279226,Switzerland
CHE,2005,21.776954511136516,43.43979461557599,15.92917447709936,40.63103090732465,Switzerland
CHE,2006,21.57863766477704,44.93481746753572,14.042116628768728,41.02306590369555,Switzerland
CHE,2008,21.108295336972542,46.4368402290638,8.893404325960672,44.669755444975536,Switzerland
CHE,2009,21.37470423575321,43.57513398957278,9.698446463758728,46.72641954666849,Switzerland
CHE,2010,21.105339175344564,44.64870329119309,8.068080250040719,47.283216458766205,Switzerland
CHE,2011,22.30209277751296,48.5762053737882,4.634269897324562,46.78952472888724,Switzerland
CHE,2013,22.793359602447914,48.13357699712763,3.9047372574068144,47.96168574546555,Switzerland
CHE,2014,23.155933182065706,45.75998545290084,4.480023332457392,49.759991214641765,Switzerland
CHE,2015,23.808637484295485,52.08290786808354,4.793791494268721,43.12330063764774,Switzerland
CHE,2016,22.822900347293853,52.240046236977534,3.8461363683704906,43.91381739465197,Switzerland
CHE,2017,23.36070599923595,50.17277783968439,4.431813874006245,45.39540828630937,Switzerland
CHE,2018,23.785342343204206,51.16868081139512,4.499453244421498,44.33186594418338,Switzerland
CHE,2019,23.84173992551028,49.21514344521034,5.503209312583126,45.28164724220653,Switzerland
CHE,2020,24.823667986989136,48.66311912495809,5.41888999404877,45.917990880993145,Switzerland
CHE,2021,24.584957939007364,48.93086364656408,6.515173444954038,44.55396290848187,Switzerland
CHE,2022,24.69080450342164,48.93787859559136,6.372727474926414,44.68939392948222,Switzerland
CHL,2004,23.739680333688693,20.51675932440584,22.86192724731524,56.62131342827893,Chile
CHL,2006,25.766961928573483,17.043737822371387,17.63801255079129,65.31824962683731,Chile
CHL,2007,21.64813775109761,13.327355627508169,15.013474090204532,71.6591702822873,Chile
CHL,2008,20.119036604217545,20.4693011055916,15.294401485566404,64.23629740884199,Chile
CHL,2009,18.1418036935864,14.366908784402826,15.19153589621432,70.44155531938286,Chile
CHL,2010,17.074016521659097,15.558158455360909,13.481176267284464,70.96066527735462,Chile
CHL,2012,16.37944716523776,16.94799013894239,10.695796387387944,72.35621347366965,Chile
CHL,2013,15.62519250680801,25.85531351275449,1.6045574869396175,72.54012900030588,Chile
CHL,2014,15.373680319075032,16.419127719805015,10.962539917964143,72.61833236223084,Chile
CHL,2015,14.873421130493938,15.501798544070205,11.18420441035332,73.31399704557649,Chile
CHL,2016,14.750784939610083,15.30643238853405,11.179082009859046,73.5144856016069,Chile
CHL,2017,14.90697386503176,15.467435443677132,9.643084535507995,74.88948002081489,Chile
CHL,2018,14.848164507562007,13.696673555974408,9.742220149170524,76.56110629485507,Chile
CHL,2019,14.995715581609428,14.006983229590553,9.38420164052031,76.60881512988914,Chile
CHL,2020,15.902767563326728,12.546858138774558,10.02434970596457,77.42879215526088,Chile
CHL,2021,14.797701343331646,14.065780351491917,8.948980666781612,76.98523898172647,Chile
CHL,2022,16.443125555881277,17.50539481279308,9.408110341996496,73.08649484521042,Chile
CMR,2019,29.490691477835156,47.02153777229961,20.640756570846705,32.337705656853686,Cameroon
CMR,2020,30.424704316707267,35.979354559370066,18.719791179327373,45.30085426130256,Cameroon
CMR,2021,29.357646277643983,25.873656928728405,28.307618483530035,45.81872458774156,Cameroon
CMR,2022,26.03363695559539,30.71937108587021,23.91728147442903,45.36334743970076,Cameroon
CMR,2023,25.25729568794159,31.048843010575844,24.64974653711701,44.30141045230715,Cameroon
COD,2016,38.21308700729615,23.95781803694275,60.32366749163744,15.7185144714198,Congo - Kinshasa
COG,2017,26.8347253259004,54.86105363684801,17.708353170020466,27.430593193131514,Congo - Brazzaville
COL,2002,30.858396534863235,13.586878011407336,0.0,86.41312198859266,Colombia
COL,2011,30.90220217568656,15.11266953098601,13.597675711364872,71.28965475764912,Colombia
COL,2012,30.79650064625394,13.712102048216208,12.772613158369218,73.51528479341458,Colombia
COL,2014,29.22625289871472,9.481556590286711,21.152014621839868,69.36642878787342,Colombia
COL,2015,28.697544767983256,9.664929754170164,19.752265310434748,70.58280493539509,Colombia
COL,2016,28.46730977976139,9.906149068979683,18.512422085443355,71.58142884557697,Colombia
COL,2017,28.964028696033942,9.283097956596038,15.526393818011757,75.19050822539221,Colombia
COL,2018,28.1500878552426,9.685370542992068,14.549567101219116,75.76506235578881,Colombia
COL,2019,29.448761076721407,14.413248180349589,9.165173393607695,76.42157842604271,Colombia
COL,2020,30.51795453490365,12.680283193229222,9.302178724782893,78.0175380819879,Colombia
COL,2021,29.854416695433773,13.813716016251304,9.818203502413269,76.36808048133543,Colombia
CPV,2016,26.806338431078807,77.04917404880905,4.918044532997117,18.03278141819383,Cape Verde
CPV,2017,20.7147474128716,45.61408117051865,17.54380039980935,36.84211842967199,Cape Verde
CPV,2018,28.854602296754813,39.17527291849485,11.340238575782132,49.48448850572303,Cape Verde
CRI,2001,22.91776160326629,19.53680808187678,20.140947246395548,60.32224467172767,Costa Rica
CRI,2002,20.442650539160777,20.76451442290693,37.49997842203172,41.73550715506135,Costa Rica
CRI,2007,21.03220086739391,15.45256556909121,32.81821757284679,51.729216858062,Costa Rica
CRI,2010,18.91564893597412,11.60002697106244,38.48001718449872,49.91995584443884,Costa Rica
CRI,2011,21.683649699590514,14.311680058493923,28.19894597763069,57.48937396387538,Costa Rica
CRI,2015,21.17366591172729,10.264129261388804,29.945145793646557,59.79072494496464,Costa Rica
CRI,2016,22.80252202631024,15.363364057710394,23.09109062819307,61.545545314096536,Costa Rica
CRI,2017,23.44150772276904,22.79085835189581,25.896802825082155,51.31233882302203,Costa Rica
CRI,2018,22.847658963174755,22.6196058632758,22.878019266296786,54.50237487042742,Costa Rica
CRI,2019,23.181880930547504,24.11737884893838,21.692846283279028,54.18977486778259,Costa Rica
CRI,2020,24.08634865608868,23.20767403750997,20.842539865649552,55.94978609684048,Costa Rica
CRI,2021,24.532129734509702,23.812802214677127,21.128696797669168,55.0585009876537,Costa Rica
CRI,2022,27.10684552933753,25.026528067220934,23.044214529165995,51.929257403613086,Costa Rica
CRI,2023,27.10684552933753,25.026528067220934,23.044214529165995,51.929257403613086,Costa Rica
CUB,2016,33.58019694283198,11.581386861519045,26.51158283303272,61.90703030544823,Cuba
CUB,2019,34.867392064762456,40.09478253461181,25.45557731454823,34.44964015083997,Cuba
CUB,2020,29.16438000877734,14.350145692762736,28.32460246367849,57.32525184355877,Cuba
CUB,2021,32.228723339422054,13.755473359976516,34.138452860623545,52.10607377939994,Cuba
CUB,2023,28.888924697716977,11.319968740678007,18.56819593015867,70.11183532916331,Cuba
CYM,2006,22.5806457725946,71.42855971200103,28.571440287998968,0.0,Cayman Islands
CYM,2007,14.99998976513667,16.66665345429374,75.0000198185594,8.333326727146874,Cayman Islands
CYM,2008,23.41361177021391,15.384611490915573,26.92305745457785,57.692331054506575,Cayman Islands
CYP,2002,24.969233587032168,35.60603251450352,45.45455777858341,18.939409706913075,Cyprus
CYP,2003,24.05767993372069,43.63642694544278,37.27270282001416,19.09087023454305,Cyprus
CYP,2004,100.0,47.39883648644752,38.72833086508624,13.872832648466249,Cyprus
CYP,2006,25.98610468471791,61.65800049028248,31.60624967250377,6.735749837213759,Cyprus
CYP,2007,24.270752478417577,49.71096704723023,32.36988895385603,17.919143998913746,Cyprus
CYP,2008,27.02570827434504,56.78391177679386,28.64319016925789,14.572898053948258,Cyprus
CYP,2009,28.509829161192435,44.97814454948047,28.82097203616548,26.200883414354053,Cyprus
CYP,2010,30.16827032617374,34.09090902871835,29.545454856408227,36.36363611487343,Cyprus
CYP,2011,26.84215741742285,34.22618254041867,19.94044073925182,45.83337672032951,Cyprus
CYP,2012,38.8792497579063,25.903607806522427,9.789172651487211,64.30721954199035,Cyprus
CYP,2013,28.665816823774147,38.11564836994459,16.274069970160433,45.61028165989498,Cyprus
CYP,2014,26.70812071045497,32.47526727152667,19.405938862847883,48.118793865625456,Cyprus
CYP,2015,28.39479686644944,33.39221300601001,15.017690742106266,51.59009625188372,Cyprus
CYP,2016,28.686936192601653,40.17700229089007,10.796444649726135,49.026553059383794,Cyprus
CYP,2017,25.828256219537167,30.76921375644076,13.508429425969736,55.72235681758952,Cyprus
CYP,2018,27.031331412763947,33.07242184986789,13.698652767232891,53.22892538289922,Cyprus
CYP,2019,24.443845851482006,36.47062056937681,14.50977555133099,49.0196038792922,Cyprus
CYP,2020,24.502288560175423,40.50637302766869,14.556957333501192,44.936669638830125,Cyprus
CYP,2021,21.56332842771656,41.43762526948292,15.433458432806429,43.128916297710646,Cyprus
CYP,2022,19.61002681705928,39.1490011113763,17.446800678334245,43.404198210289465,Cyprus
CZE,2000,23.203697547008613,30.82851188410275,11.830418290102928,57.34106982579432,Czechia
CZE,2001,23.51526750517059,28.61955677600461,14.365897844347964,57.014545379647416,Czechia
CZE,2002,23.7763538275318,31.42565550484106,13.240775954529353,55.3335685406296,Czechia
CZE,2003,25.40837050653321,33.009731005646096,9.051013141056044,57.93925585329786,Czechia
CZE,2004,23.51306357474216,33.98428170632053,10.11660803037998,55.89911026329949,Czechia
CZE,2005,22.42688982550876,35.48556620682636,10.57306274188896,53.94137105128468,Czechia
CZE,2007,24.913453065904413,30.19690947357429,8.382413732682735,61.42067679374297,Czechia
CZE,2008,24.399322035138265,36.68151350924864,7.690191927918885,55.62829456283248,Czechia
CZE,2009,23.855902718730132,38.55580537230591,8.01160845302616,53.43258617466794,Czechia
CZE,2010,22.74717647210016,40.35661834642399,7.355409846258077,52.28797180731794,Czechia
CZE,2011,23.285413589975995,39.81424192978,7.0588449326482365,53.12691313757176,Czechia
CZE,2012,23.60927056845428,39.227498539626296,7.958275641840647,52.81422581853305,Czechia
CZE,2013,24.07254425003985,40.64618410128965,8.324110567067963,51.02970533164238,Czechia
CZE,2014,25.55884493323761,37.68078125090921,8.990001230590714,53.32921751850007,Czechia
CZE,2015,25.59217285777944,35.414037682204814,6.611441248992565,57.97452106880262,Czechia
CZE,2016,25.555672535580864,35.60400521890298,7.227166102868045,57.16882867822898,Czechia
CZE,2017,25.90642650825216,34.44219665426824,8.343450567587848,57.21435277814392,Czechia
CZE,2018,26.880375667244515,36.779559282519095,8.279177250020048,54.94126346746086,Czechia
CZE,2019,27.07973575184569,36.320400626457854,9.321436996495818,54.35816237704633,Czechia
CZE,2020,27.219856491763707,36.938132972833394,9.743599636683271,53.31826739048333,Czechia
CZE,2021,27.43406581840891,38.85178812506599,11.020992962645632,50.127218912288384,Czechia
CZE,2022,26.96057856957707,44.34306853528614,10.550785509875393,45.10614595483847,Czechia
DEU,2000,21.44357178851859,46.01370333876888,3.665654255528184,50.32064240570294,Germany
DEU,2001,21.295471889983997,45.3556834060734,4.481172529194549,50.163144064732045,Germany
DEU,2002,21.596778586306897,46.45213654758377,4.421625144278496,49.12623830813774,Germany
DEU,2015,26.732475935331543,46.6465838751241,8.124898227970835,45.22851789690506,Germany
DEU,2016,26.5787819228522,45.41139465440771,8.438114704459386,46.15049064113291,Germany
DEU,2017,26.666885142109685,44.09612494861561,9.30413659395805,46.59973845742634,Germany
DEU,2018,26.83893508741777,42.99083602584625,9.70953434214254,47.29962963201122,Germany
DEU,2019,26.18288922292393,40.59284823813216,9.863122435977028,49.54402932589082,Germany
DEU,2020,26.65086077708002,39.84963086791312,10.87359763978954,49.276771492297335,Germany
DEU,2021,26.89760565044733,40.6032001332879,11.427782806187144,47.96901706052496,Germany
DEU,2022,27.08518315698537,40.02196569788599,12.033829459040929,47.94420484307309,Germany
DNK,2000,25.26542854017012,38.27287895238671,5.620883957283137,56.10623709033016,Denmark
DNK,2001,23.828195272531005,35.18596200864408,6.824689900246661,57.98934809110925,Denmark
DNK,2002,23.56832663732184,33.04001301620315,12.520032942101308,54.43995404169555,Denmark
DNK,2003,24.049978535993173,29.782275459443326,13.374805165603403,56.84291937495327,Denmark
DNK,2004,25.083110588046075,32.22294746892752,17.64109892080967,50.1359536102628,Denmark
DNK,2005,26.40433288396849,30.015653802752468,12.738690702797753,57.245655494449785,Denmark
DNK,2006,27.358350408909875,29.28234636348441,9.614075959443344,61.10357767707224,Denmark
DNK,2007,29.490143180570666,28.21217134673595,8.091838660236405,63.695989993027645,Denmark
DNK,2008,29.51709976693443,26.329189736417835,9.502276738648954,64.16853352493321,Denmark
DNK,2009,29.134721046969062,28.717421237648185,9.680029325831152,61.60254943652067,Denmark
DNK,2010,29.310378862912227,30.095819333282027,10.878031808840383,59.0261488578776,Denmark
DNK,2011,30.7736936326735,27.138978368853262,12.607534446873464,60.25348718427328,Denmark
DNK,2012,30.440432150651937,25.40155060275472,13.55751306556521,61.04093633168007,Denmark
DNK,2013,28.784390343621908,27.58120673027952,12.88511216377102,59.53368110594946,Denmark
DNK,2014,28.757772068852944,26.00609723063277,13.458639621721852,60.53526314764538,Denmark
DNK,2015,25.870930562763167,35.87072358167347,13.629617845078757,50.49965857324777,Denmark
DNK,2016,28.138793768644828,43.69146661321913,14.01327297012845,42.29526041665242,Denmark
DNK,2017,28.7397527831452,39.828101044549975,15.894150075011511,44.27774888043852,Denmark
DNK,2018,27.38390243221673,40.38494649420284,15.21037527683886,44.404678228958296,Denmark
DNK,2019,28.374001920366705,40.00955195813467,15.542471710528991,44.44797633133633,Denmark
DNK,2020,27.59549086435552,37.47557036519992,16.840395513132474,45.68403412166761,Denmark
DNK,2021,29.00721829062125,38.89446328325061,17.90059227721332,43.20494443953608,Denmark
DNK,2023,29.50797666054678,35.294127570594135,18.198945076097456,46.506927353308406,Denmark
DOM,2015,29.337865047794143,12.402221458027354,56.69014888307529,30.90762965889737,Dominican Republic
DOM,2016,18.264497109339747,13.811672613595524,24.595651255661117,61.59267613074336,Dominican Republic
DOM,2017,25.72350428068069,10.87272377626608,31.745419959047027,57.381856264686895,Dominican Republic
DOM,2020,16.0663438401092,17.59418823148112,21.484113284923183,60.9216984835957,Dominican Republic
DOM,2021,16.938850001752897,8.591014762478446,24.6133627664009,66.79562247112065,Dominican Republic
DOM,2022,16.01793041612421,10.524160048273346,23.480079776866567,65.99576017486008,Dominican Republic
DZA,2007,37.13601408450321,46.32336237631734,15.836692178703618,37.83994544497904,Algeria
DZA,2009,35.0996065932007,48.40961467391461,14.826764838844362,36.76362048724103,Algeria
DZA,2010,38.090161477472215,49.25856561426277,15.280406445315649,35.461027940421594,Algeria
DZA,2011,34.92153793538197,43.6170231946415,14.456875005410383,41.92610179994812,Algeria
DZA,2015,40.674386503474736,50.140225364847566,8.820651155175685,41.03912347997675,Algeria
DZA,2016,41.05125471809962,52.14620898352016,7.944176615477892,39.90961440100195,Algeria
DZA,2018,43.39448656511995,39.91246651548169,6.450967572648082,53.63656591187023,Algeria
DZA,2019,43.85754667491843,49.07647524736714,8.821679619468059,42.10184513316481,Algeria
DZA,2021,43.16539174966581,57.64909830138958,6.79344646076577,35.55745523784466,Algeria
DZA,2022,42.93451572672205,58.24213587635311,7.274252887255036,34.48361123639185,Algeria
DZA,2023,40.820613230546414,52.03435322452113,10.71239455298292,37.25325222249595,Algeria
ECU,2007,29.663253786435995,1.4078778096311133,66.20973929612846,32.38238289424044,Ecuador
ECU,2008,25.10443011420524,10.484346516644024,41.90453801351628,47.611115469839696,Ecuador
ECU,2014,21.534179879606747,21.24269316430145,34.62668418735409,44.130622648344456,Ecuador
